4 0.030761 0.107008 0.028080 0.019797
4 0.030749 0.047398 0.028478 0.023859
4 0.151171 0.240125 0.012693 0.008969
4 0.150843 0.116195 0.014707 0.014203
4 0.084110 0.029664 0.027705 0.025672
4 0.031569 0.338602 0.024590 0.008203
4 0.082986 0.346609 0.023630 0.007406
4 0.148173 0.322883 0.015082 0.007672
4 0.085129 0.137539 0.025386 0.018984
4 0.027681 0.280734 0.018080 0.010781
4 0.083712 0.294383 0.027705 0.011297
4 0.148981 0.199648 0.015995 0.011766
4 0.151030 0.158180 0.014379 0.014234
4 0.084075 0.242750 0.025012 0.012844
4 0.031920 0.166539 0.026557 0.015922
4 0.084368 0.084680 0.025785 0.021547
4 0.030187 0.335000 0.028852 0.007437
4 0.149614 0.029766 0.016932 0.016938
4 0.150258 0.072930 0.016159 0.015391
4 0.083689 0.189891 0.026159 0.016938
4 0.149192 0.281750 0.016417 0.009031
4 0.152213 0.362773 0.026440 0.006422
