0 0.809061 0.635477 0.145540 0.207109
0 0.625622 0.297070 0.088005 0.148328
0 0.572829 0.096891 0.092746 0.083750
0 0.925763 0.358500 0.080587 0.278062
0 0.717782 0.282969 0.118333 0.170656
0 0.630857 0.159227 0.083028 0.158891
0 0.826420 0.457297 0.151761 0.193062
0 0.605141 0.572133 0.087793 0.143859
0 0.616103 0.440547 0.087981 0.142562
0 0.549789 0.307164 0.072864 0.131453
0 0.842430 0.265937 0.149601 0.196563
0 0.694143 0.596937 0.111197 0.164750
0 0.856479 0.097578 0.155399 0.195156
0 0.532254 0.556312 0.071127 0.134813
0 0.541925 0.435125 0.074038 0.127844
0 0.707324 0.447727 0.111643 0.165484
0 0.771585 0.021883 0.042559 0.040422
0 0.899249 0.627391 0.074085 0.269937
0 0.557160 0.183594 0.072207 0.143719
0 0.948791 0.162844 0.047676 0.111531
