0 0.325617 0.547951 0.007922 0.009813
0 0.114789 0.705258 0.010766 0.022319
0 0.417617 0.674204 0.008641 0.026721
0 0.738656 0.626546 0.006156 0.011030
0 0.541055 0.698454 0.011797 0.018970
0 0.201883 0.699789 0.010766 0.017939
0 0.536023 0.322939 0.003828 0.004379
0 0.289828 0.451593 0.004781 0.007681
0 0.602578 0.426628 0.004219 0.004215
0 0.391484 0.328595 0.003687 0.003560
0 0.830844 0.815340 0.009531 0.012131
0 0.330125 0.450878 0.006563 0.007377
0 0.380812 0.542799 0.008781 0.010515
0 0.384703 0.345234 0.003094 0.003958
0 0.676320 0.537775 0.006391 0.008759
