2 0.748805 0.809130 0.075391 0.097493
2 0.338992 0.428791 0.120797 0.093923
2 0.446578 0.825428 0.080812 0.105487
2 0.185086 0.806165 0.074672 0.140885
2 0.881906 0.499941 0.024781 0.013628
2 0.844586 0.423245 0.110578 0.091917
2 0.849195 0.500678 0.025766 0.015575
2 0.743383 0.516563 0.102266 0.083333
2 0.341445 0.523850 0.115703 0.072478
2 0.201797 0.661313 0.039969 0.013894
2 0.421570 0.526386 0.026797 0.013245
2 0.814781 0.519071 0.025875 0.014248
2 0.158547 0.641298 0.038625 0.013687
2 0.741070 0.425221 0.106734 0.097345
2 0.417703 0.212065 0.043781 0.104838
2 0.977531 0.765324 0.033281 0.013363
2 0.201922 0.640398 0.039031 0.014012
2 0.494578 0.525472 0.026062 0.013953
2 0.158648 0.619351 0.040484 0.014041
2 0.455891 0.427198 0.116656 0.096342
