4 0.707883 0.026358 0.039203 0.013653
4 0.077492 0.137799 0.027328 0.009227
4 0.323414 0.106593 0.029578 0.011030
4 0.700086 0.271276 0.040172 0.013326
4 0.589391 0.052049 0.035719 0.011780
4 0.069461 0.309204 0.024734 0.009602
4 0.836570 0.503981 0.041547 0.013068
4 0.972641 0.497705 0.025562 0.020468
4 0.396797 0.292002 0.041000 0.036417
4 0.229313 0.112916 0.029656 0.011265
4 0.321148 0.108044 0.063766 0.054871
4 0.221867 0.295386 0.030953 0.010773
4 0.484703 0.283267 0.047406 0.035714
4 0.844086 0.239871 0.062734 0.041288
4 0.411297 0.495468 0.024219 0.017728
4 0.210625 0.487049 0.037094 0.007963
4 0.151711 0.126112 0.026891 0.009555
4 0.406570 0.091030 0.030766 0.011288
4 0.143836 0.302974 0.027172 0.009368
4 0.590562 0.283981 0.004906 0.005761
