2 0.462672 0.035641 0.042562 0.048719
2 0.692469 0.051844 0.007437 0.010250
2 0.510336 0.190906 0.017828 0.057906
2 0.580805 0.501320 0.076203 0.137047
2 0.697867 0.058742 0.006234 0.008203
2 0.419844 0.336672 0.041031 0.040000
2 0.442219 0.292117 0.044812 0.051484
2 0.534086 0.195516 0.016141 0.053594
2 0.435688 0.437945 0.027687 0.056922
2 0.382352 0.321625 0.050266 0.048281
2 0.307602 0.309844 0.033859 0.035969
2 0.717109 0.493719 0.020875 0.020250
2 0.037055 0.109164 0.047609 0.067422
2 0.493820 0.380852 0.029953 0.056109
2 0.694273 0.391922 0.012047 0.013594
2 0.683187 0.480766 0.010250 0.016406
2 0.674133 0.478648 0.009859 0.015484
