0 0.481322 0.339484 0.016077 0.007938
0 0.503998 0.282562 0.009104 0.007687
0 0.171461 0.300641 0.015075 0.010000
0 0.831738 0.513461 0.018913 0.012578
0 0.279787 0.361906 0.020213 0.009781
0 0.843550 0.808336 0.030810 0.022828
0 0.050213 0.210484 0.014456 0.006938
0 0.511173 0.236719 0.008955 0.005250
0 0.580949 0.810891 0.036482 0.012656
0 0.120864 0.245125 0.014009 0.007187
0 0.279286 0.405352 0.012942 0.006922
0 0.653561 0.517711 0.025245 0.014828
0 0.573156 0.266289 0.016461 0.006922
0 0.018198 0.522875 0.015757 0.010250
0 0.133028 0.211281 0.012239 0.007687
0 0.593529 0.418219 0.016951 0.008063
0 0.605011 0.555000 0.018550 0.010500
