0 0.016805 0.338724 0.031797 0.048454
0 0.397945 0.605820 0.047016 0.069485
0 0.313320 0.341967 0.036922 0.055129
0 0.253188 0.415597 0.021281 0.072974
0 0.307500 0.402436 0.022625 0.064871
0 0.495844 0.304321 0.010375 0.049578
0 0.581609 0.442436 0.102406 0.043841
0 0.523805 0.281452 0.023922 0.025902
0 0.382000 0.325094 0.032813 0.055340
0 0.443141 0.537881 0.057250 0.058290
0 0.005227 0.255281 0.006016 0.022881
0 0.668406 0.231792 0.015719 0.018478
0 0.587109 0.410621 0.026062 0.055340
0 0.547812 0.233841 0.017438 0.021546
