2 0.404367 0.444145 0.090953 0.071524
2 0.362586 0.429284 0.077016 0.071824
2 0.619555 0.522887 0.038953 0.029792
2 0.641930 0.530681 0.027109 0.028199
2 0.097891 0.340000 0.117438 0.095381
2 0.225539 0.384492 0.143609 0.106074
2 0.702273 0.551975 0.013516 0.016420
2 0.767156 0.575404 0.013062 0.012194
2 0.450578 0.461397 0.074281 0.063210
2 0.292992 0.407309 0.085484 0.080485
2 0.591375 0.511097 0.031031 0.034065
2 0.661539 0.536963 0.025297 0.025381
2 0.712680 0.556432 0.016141 0.016189
2 0.732461 0.561420 0.021609 0.021039
