2 0.233314 0.134039 0.037390 0.031984
2 0.186963 0.126109 0.029215 0.031531
2 0.069388 0.098820 0.135173 0.061734
2 0.623464 0.198406 0.021016 0.024188
2 0.434931 0.164273 0.040624 0.036766
2 0.281005 0.142094 0.031432 0.028219
2 0.593533 0.193242 0.027344 0.025359
2 0.655162 0.202680 0.024180 0.024078
2 0.325693 0.148195 0.042286 0.032984
2 0.403476 0.161289 0.025889 0.029797
2 0.714931 0.211055 0.023118 0.039078
2 0.471917 0.172391 0.027067 0.027906
2 0.568349 0.187516 0.013972 0.023969
2 0.511363 0.178906 0.030254 0.026500
