2 0.536609 0.401131 0.033687 0.007483
2 0.381469 0.443462 0.023719 0.005897
2 0.406359 0.367925 0.044844 0.010723
2 0.215984 0.437308 0.018188 0.003100
2 0.386539 0.428811 0.025609 0.006667
2 0.860055 0.179103 0.040047 0.037692
2 0.170664 0.398974 0.037297 0.007179
2 0.554742 0.386469 0.037734 0.012005
2 0.212617 0.430245 0.024609 0.004545
2 0.400930 0.386247 0.040609 0.010583
2 0.579555 0.370769 0.035922 0.014359
2 0.979594 0.310047 0.040063 0.020000
2 0.450992 0.230641 0.076484 0.033590
2 0.478469 0.442855 0.021625 0.007389
2 0.135641 0.366026 0.035969 0.011072
2 0.434656 0.282051 0.065656 0.024615
2 0.395234 0.399615 0.033000 0.007949
2 0.476305 0.150664 0.098859 0.049627
