0 0.531500 0.669570 0.003594 0.009234
0 0.078719 0.679906 0.005281 0.010063
0 0.387344 0.674047 0.003500 0.009094
0 0.501266 0.669742 0.007437 0.011797
0 0.216828 0.682797 0.005125 0.008969
0 0.036602 0.681328 0.006422 0.011281
0 0.586195 0.663547 0.003578 0.006406
0 0.335781 0.678187 0.007031 0.015469
0 0.744359 0.660047 0.004875 0.007687
0 0.670242 0.663516 0.003953 0.006438
0 0.171938 0.682883 0.006531 0.009891
0 0.308570 0.674359 0.004359 0.008219
0 0.639977 0.664359 0.004359 0.008719
0 0.544312 0.667078 0.003000 0.006844
0 0.762156 0.733031 0.015063 0.018344
0 0.250516 0.681664 0.005187 0.008234
0 0.715484 0.664586 0.003313 0.008922
0 0.360156 0.678477 0.006156 0.008453
0 0.147352 0.684937 0.007984 0.012156
0 0.609766 0.665109 0.002437 0.005687
0 0.692836 0.670898 0.005547 0.004234
