2 0.177746 0.392797 0.032347 0.035031
2 0.718885 0.297664 0.049460 0.055109
2 0.428545 0.269867 0.043099 0.059484
2 0.113451 0.387242 0.030751 0.034391
2 0.746913 0.300211 0.036174 0.052578
2 0.575610 0.286305 0.042347 0.056172
2 0.055399 0.382391 0.029577 0.033250
2 0.004918 0.377984 0.009272 0.034531
2 0.026913 0.380312 0.029648 0.034375
2 0.082148 0.384547 0.026174 0.033594
2 0.646021 0.292211 0.041103 0.055172
2 0.683803 0.286742 0.038498 0.066703
2 0.142195 0.390570 0.031573 0.035391
2 0.817617 0.306953 0.040399 0.053344
2 0.467324 0.273687 0.036526 0.059375
2 0.949167 0.303492 0.024624 0.008984
