0 0.177016 0.971062 0.014781 0.016000
0 0.323766 0.543583 0.006063 0.015208
0 0.229852 0.551896 0.053297 0.037667
0 0.114398 0.725323 0.009766 0.026979
0 0.488508 0.922656 0.009984 0.014313
0 0.224133 0.862365 0.016734 0.017437
0 0.196047 0.548208 0.008469 0.013333
0 0.709758 0.952479 0.009172 0.024792
0 0.764320 0.557688 0.003078 0.008208
0 0.660914 0.511875 0.004047 0.009208
0 0.706867 0.803333 0.011422 0.013542
0 0.138242 0.591396 0.006734 0.021792
0 0.458391 0.523135 0.004687 0.009937
0 0.263273 0.555792 0.003984 0.006250
0 0.301437 0.495052 0.005187 0.005896
0 0.409961 0.528479 0.004703 0.010208
0 0.455469 0.532490 0.006094 0.007521
0 0.556820 0.545188 0.004234 0.009750
0 0.482422 0.833667 0.008687 0.016542
0 0.534930 0.541885 0.004797 0.011521
0 0.689937 0.476667 0.004812 0.005625
0 0.114984 0.469490 0.003656 0.009729
0 0.492289 0.547760 0.005328 0.012313
0 0.130289 0.456844 0.003078 0.002313
0 0.371453 0.505115 0.004031 0.005896
