3 0.070133 0.215635 0.021672 0.008979
3 0.624313 0.363656 0.026156 0.014354
3 0.024484 0.202354 0.021094 0.009375
3 0.888836 0.084615 0.016734 0.007687
3 0.694555 0.384354 0.015766 0.014375
3 0.551352 0.343854 0.026766 0.013333
3 0.949906 0.064177 0.016219 0.007396
3 0.821531 0.108125 0.017500 0.006417
3 0.856195 0.095750 0.017234 0.007542
3 0.967484 0.456542 0.012656 0.015208
3 0.504305 0.291896 0.011766 0.019083
3 0.919891 0.073969 0.017313 0.007437
3 0.162734 0.260125 0.325469 0.136167
3 0.275883 0.271125 0.022297 0.011417
3 0.135273 0.006021 0.014234 0.006417
3 0.979266 0.054354 0.016531 0.008208
