0 0.963729 0.308625 0.071583 0.348125
0 0.213437 0.136648 0.023917 0.020734
0 0.117656 0.274789 0.141104 0.114109
0 0.036312 0.369305 0.017792 0.014109
0 0.208896 0.361711 0.016750 0.013078
0 0.247844 0.315344 0.016313 0.013875
0 0.107833 0.388969 0.018458 0.013844
0 0.227479 0.251945 0.013042 0.010703
0 0.025979 0.296469 0.013833 0.011562
0 0.200844 0.185555 0.017521 0.014234
0 0.222406 0.409156 0.024063 0.018844
0 0.147656 0.349703 0.014313 0.011125
0 0.306396 0.274469 0.024250 0.019844
0 0.230677 0.287477 0.014396 0.011547
0 0.130979 0.180211 0.013500 0.011766
0 0.054333 0.191156 0.014708 0.011031
0 0.288177 0.349750 0.024271 0.020000
0 0.074938 0.343289 0.014083 0.012234
0 0.055469 0.166664 0.017646 0.015203
0 0.119052 0.109828 0.026187 0.022656
0 0.135187 0.434977 0.025667 0.020828
0 0.006656 0.129148 0.013312 0.022172
0 0.104542 0.197766 0.015333 0.011250
0 0.028063 0.421078 0.028250 0.022062
0 0.282781 0.198578 0.023563 0.019938
0 0.198385 0.236898 0.016063 0.011797
