4 0.211448 0.644594 0.033729 0.038250
4 0.226177 0.521727 0.035771 0.036953
4 0.266813 0.722102 0.032000 0.051984
4 0.238771 0.419250 0.032042 0.041563
4 0.257812 0.584148 0.030667 0.044516
4 0.118573 0.518773 0.070104 0.066953
4 0.055427 0.278703 0.110854 0.072125
4 0.171323 0.234117 0.047521 0.078578
4 0.147448 0.364773 0.054604 0.077266
4 0.037042 0.456578 0.074083 0.079031
4 0.285750 0.552961 0.021417 0.019453
4 0.169573 0.580055 0.043771 0.054766
4 0.246042 0.683437 0.038792 0.036781
4 0.278937 0.627273 0.021000 0.027516
4 0.206812 0.487484 0.038792 0.045062
4 0.279562 0.534570 0.021250 0.030328
4 0.221990 0.375234 0.035563 0.043719
