0 0.066500 0.410246 0.006500 0.025129
0 0.144586 0.405293 0.011953 0.009087
0 0.356734 0.400176 0.010594 0.017166
0 0.914344 0.391159 0.016250 0.021288
0 0.769211 0.396546 0.011797 0.019227
0 0.333477 0.429461 0.010484 0.015738
0 0.271867 0.411569 0.020141 0.034192
0 0.098016 0.400632 0.004781 0.015129
0 0.085242 0.422307 0.012484 0.018478
0 0.509984 0.423044 0.018125 0.046651
0 0.830836 0.442307 0.014359 0.021007
0 0.181398 0.437365 0.014734 0.013981
0 0.571797 0.432494 0.016750 0.017073
0 0.131523 0.396464 0.011453 0.013349
