2 0.538358 0.803358 0.101912 0.059526
2 0.512810 0.834273 0.078431 0.047761
2 0.697230 0.701291 0.076127 0.033072
2 0.747557 0.727426 0.064853 0.037271
2 0.593113 0.714837 0.052435 0.026601
2 0.516234 0.629395 0.029330 0.008039
2 0.629355 0.762410 0.060082 0.023415
2 0.496356 0.625923 0.028660 0.008676
2 0.309118 0.763562 0.047353 0.033170
2 0.680025 0.724289 0.074559 0.033056
2 0.725605 0.668456 0.040523 0.013578
2 0.587320 0.749592 0.058301 0.023137
2 0.596373 0.855049 0.091013 0.071242
2 0.466585 0.649886 0.045065 0.019542
2 0.406005 0.815163 0.064232 0.047680
2 0.757132 0.675098 0.041160 0.013431
2 0.786528 0.986087 0.069036 0.027827
2 0.509837 0.691724 0.018758 0.011520
2 0.251250 0.738031 0.052369 0.031324
