0 0.330688 0.500329 0.013469 0.013850
0 0.173031 0.494120 0.030687 0.036221
0 0.031648 0.625387 0.063297 0.102324
0 0.059039 0.489683 0.013234 0.019507
0 0.265969 0.523415 0.014438 0.008991
0 0.224266 0.814718 0.052406 0.054742
0 0.012180 0.477007 0.011109 0.016972
0 0.118734 0.463850 0.010219 0.014366
0 0.056789 0.575293 0.026922 0.025657
0 0.326023 0.474613 0.010078 0.011808
0 0.216938 0.451819 0.008188 0.011526
0 0.389141 0.674754 0.048313 0.055376
0 0.200883 0.419789 0.006766 0.007981
0 0.350945 0.581749 0.024891 0.022559
0 0.271047 0.486596 0.011906 0.012066
0 0.054164 0.453920 0.005766 0.009953
0 0.464844 0.553498 0.037281 0.050376
0 0.143461 0.440892 0.005828 0.008216
0 0.245742 0.441925 0.006484 0.011549
