3 0.021875 0.563646 0.018594 0.068208
3 0.497070 0.340354 0.010547 0.022750
3 0.255633 0.491729 0.009453 0.040292
3 0.412656 0.411958 0.009906 0.021500
3 0.203313 0.507313 0.011000 0.048000
3 0.295492 0.478302 0.007922 0.035604
3 0.750414 0.425052 0.002297 0.021729
3 0.680000 0.550000 0.004969 0.011292
3 0.452203 0.355240 0.254750 0.010187
3 0.184828 0.288344 0.016563 0.013187
3 0.402562 0.340917 0.011062 0.022333
3 0.129188 0.528844 0.010719 0.053479
3 0.584555 0.354333 0.010922 0.021625
3 0.410789 0.369010 0.010328 0.022313
3 0.319852 0.355688 0.009641 0.020792
3 0.413992 0.411833 0.005234 0.008667
