0 0.590890 0.328125 0.016768 0.007312
0 0.399028 0.809766 0.026066 0.010562
0 0.582494 0.356633 0.016276 0.008203
0 0.359649 0.676586 0.021874 0.009672
0 0.024368 0.659883 0.015621 0.012172
0 0.394426 0.615828 0.024731 0.009281
0 0.871194 0.393523 0.015363 0.005891
0 0.567857 0.439906 0.019227 0.010031
0 0.848923 0.355758 0.011194 0.005266
0 0.519403 0.613508 0.018150 0.005422
0 0.524731 0.512937 0.017799 0.007250
0 0.227084 0.440453 0.016792 0.005594
0 0.558934 0.289898 0.016136 0.007797
0 0.220293 0.812516 0.041335 0.013938
0 0.485433 0.438586 0.022436 0.007266
0 0.170726 0.744391 0.024075 0.011813
0 0.564965 0.394797 0.013770 0.005844
0 0.265351 0.523406 0.017916 0.005687
0 0.051897 0.746844 0.025246 0.011500
0 0.252986 0.446008 0.010375 0.008359
0 0.165012 0.525430 0.016347 0.004141
0 0.410070 0.513352 0.006464 0.005422
0 0.493642 0.289687 0.012482 0.007969
0 0.594192 0.755094 0.017939 0.014781
0 0.499274 0.395492 0.016066 0.007234
0 0.705468 0.754930 0.018150 0.017109
0 0.164578 0.659602 0.017728 0.012234
0 0.475867 0.679930 0.025269 0.014359
0 0.801136 0.691570 0.021007 0.009172
0 0.694321 0.688359 0.012857 0.012594
