2 0.230477 0.597624 0.005797 0.004612
2 0.463789 0.600694 0.006141 0.006141
2 0.072203 0.801494 0.021156 0.009106
2 0.616469 0.602235 0.006813 0.006165
2 0.276016 0.678000 0.008313 0.007906
2 0.767961 0.602753 0.006172 0.005788
2 0.087898 0.595212 0.006703 0.005529
2 0.379500 0.599976 0.005656 0.006353
2 0.862891 0.799071 0.021813 0.005906
2 0.876625 0.813271 0.024031 0.008988
2 0.548539 0.867553 0.012922 0.009082
2 0.470508 0.602753 0.006297 0.020518
2 0.586133 0.683376 0.008109 0.009059
2 0.035797 0.670847 0.008719 0.007624
