2 0.372383 0.392198 0.007859 0.016021
2 0.429664 0.363510 0.009234 0.017188
2 0.270570 0.440563 0.005578 0.012292
2 0.248531 0.450823 0.030312 0.024646
2 0.315758 0.419979 0.006359 0.015083
2 0.378625 0.388958 0.007938 0.015208
2 0.358227 0.390062 0.015734 0.036375
2 0.415766 0.370469 0.008750 0.017729
2 0.331211 0.411927 0.006266 0.014896
2 0.290875 0.431010 0.006063 0.012896
2 0.422539 0.367052 0.008266 0.018188
2 0.285680 0.426740 0.021547 0.042813
2 0.295078 0.428937 0.005781 0.012375
2 0.437812 0.360135 0.009625 0.018312
2 0.441070 0.348677 0.061484 0.074521
2 0.344406 0.405896 0.007312 0.015375
